变量   中文      单位
slp   海平面气压  Pa
temp2 2m气温     °C
tprep 降水       mm/day
srads 日照       W/m²
rh    相对湿度    %

Variable: index_slp_global
(0)	-3.275196
(1)	-1.575996
(2)	-1.945833
(3)	-1.734791
(4)	-3.658459
(5)	-2.685072
(6)	-3.548905
(7)	-1.925679
(8)	-2.492022
(9)	-1.751332
(10)	-0.7507128
(11)	-1.023469
(12)	-0.6341181
(13)	0.1203374
(14)	-0.8434381
(15)	-0.8607954
(16)	0.224454
(17)	1.330693
(18)	-0.7266964
(19)	-1.601583
(20)	-0.6842053
(21)	1.02957
(22)	-0.5328853
(23)	-0.1052919


Variable: index_slp_china
(0)	14.07029
(1)	-5.774593
(2)	-85.72285
(3)	48.70119
(4)	-54.38984
(5)	75.8065
(6)	-45.58736
(7)	48.17838
(8)	25.30404
(9)	-41.19007
(10)	-45.50493
(11)	-9.459084
(12)	-9.635619
(13)	-5.008574
(14)	-21.09448
(15)	-44.17037
(16)	9.836475
(17)	68.68894
(18)	136.8484
(19)	-95.66534
(20)	15.36049
(21)	63.60126
(22)	24.38848
(23)	39.5055


Variable: index_slp_huadong
(0)	20.88077
(1)	-47.0719
(2)	-67.10699
(3)	60.45049
(4)	-35.10474
(5)	20.09234
(6)	-56.81837
(7)	75.91073
(8)	-1.921858
(9)	-35.16511
(10)	-28.88832
(11)	-81.81038
(12)	-86.24397
(13)	9.699016
(14)	-43.49118
(15)	-43.45868
(16)	24.84949
(17)	56.4564
(18)	121.6882
(19)	-104.9309
(20)	-18.43759
(21)	68.62091
(22)	-14.53367
(23)	1.667653


Variable: index_slp_huanan
(0)	54.96362
(1)	-55.35198
(2)	-90.33484
(3)	32.71427
(4)	-6.712816
(5)	61.00227
(6)	-27.30254
(7)	47.97295
(8)	73.42973
(9)	9.776977
(10)	1.884903
(11)	-53.17942
(12)	-114.0867
(13)	-5.657062
(14)	21.42024
(15)	-46.61597
(16)	-9.684613
(17)	42.53108
(18)	170.4384
(19)	-53.54073
(20)	-9.259531
(21)	39.21765
(22)	-46.50819
(23)	8.5231


Variable: index_slp_huazhong
(0)	-13.04897
(1)	-20.11946
(2)	-91.27248
(3)	78.90192
(4)	-77.31371
(5)	25.51598
(6)	-102.8262
(7)	52.55152
(8)	37.54566
(9)	-70.58501
(10)	-41.79245
(11)	-50.17833
(12)	-33.90354
(13)	9.679408
(14)	-52.3407
(15)	-46.16118
(16)	23.20656
(17)	87.59878
(18)	136.1278
(19)	-157.4901
(20)	8.24844
(21)	53.78315
(22)	20.19011
(23)	16.17099


Variable: index_slp_huabei
(0)	-10.12497
(1)	9.161479
(2)	-46.52871
(3)	73.10828
(4)	-159.3343
(5)	67.12292
(6)	-76.53654
(7)	111.3057
(8)	-72.05573
(9)	-46.5158
(10)	-73.27177
(11)	4.288768
(12)	-9.765506
(13)	19.8418
(14)	-77.20074
(15)	-70.13422
(16)	41.38713
(17)	90.15109
(18)	65.23435
(19)	-154.7775
(20)	11.81335
(21)	120.5911
(22)	21.6402
(23)	7.864983


Variable: index_slp_xibei
(0)	6.969982
(1)	10.33697
(2)	-99.06291
(3)	92.72145
(4)	-29.42556
(5)	133.4669
(6)	-67.07413
(7)	-10.89075
(8)	86.61324
(9)	-56.47839
(10)	-44.41072
(11)	14.68475
(12)	3.168275
(13)	-14.85655
(14)	-11.35418
(15)	-18.29061
(16)	-9.676259
(17)	107.833
(18)	206.8586
(19)	-133.862
(20)	30.47531
(21)	10.5637
(22)	55.08804
(23)	77.26524


Variable: index_slp_xinan
(0)	46.40238
(1)	-5.837695
(2)	-119.99
(3)	-19.10055
(4)	14.41439
(5)	68.20428
(6)	6.923766
(7)	30.79486
(8)	81.81046
(9)	-46.73548
(10)	-29.922
(11)	-6.736233
(12)	28.09773
(13)	-11.94118
(14)	38.78935
(15)	-35.16084
(16)	-29.05925
(17)	19.25759
(18)	170.4182
(19)	14.98203
(20)	17.7356
(21)	66.27515
(22)	28.85914
(23)	70.8692


Variable: index_slp_dongbei
(0)	-19.13852
(1)	-12.21791
(2)	-23.39404
(3)	12.23416
(4)	-181.8282
(5)	1.870196
(6)	-18.38587
(7)	167.6227
(8)	-191.3522
(9)	28.41914
(10)	-88.81758
(11)	-3.016627
(12)	-9.784648
(13)	-20.73994
(14)	-105.1473
(15)	-116.4119
(16)	122.8118
(17)	41.59393
(18)	-89.62733
(19)	-135.9367
(20)	12.90808
(21)	160.221
(22)	-13.38495
(23)	-58.61056


Variable: index_temp2_global
(0)	0.297547
(1)	0.2641821
(2)	0.2282165
(3)	0.1825591
(4)	0.1697483
(5)	0.1897618
(6)	0.1380367
(7)	0.1096944
(8)	0.1397703
(9)	0.08843149
(10)	0.07798087
(11)	0.0819509
(12)	0.1016424
(13)	0.08690881
(14)	0.1142444
(15)	0.08467309
(16)	0.04293391
(17)	0.05571597
(18)	0.1657535
(19)	0.1644513
(20)	0.07403009
(21)	0.04393383
(22)	0.0816529
(23)	0.05233743


Variable: index_temp2_china
(0)	0.6776414
(1)	0.2625686
(2)	0.6613997
(3)	-0.04503408
(4)	0.6876431
(5)	0.4624117
(6)	0.9274864
(7)	0.3963984
(8)	0.8049886
(9)	0.5838762
(10)	0.3117048
(11)	0.4239201
(12)	0.3408737
(13)	0.09746496
(14)	0.3881802
(15)	0.07747513
(16)	-0.2905504
(17)	-0.4274547
(18)	-0.1050629
(19)	0.7655464
(20)	-0.03874098
(21)	-0.06503901
(22)	0.09905173
(23)	0.07685707


Variable: index_temp2_huadong
(0)	0.8573193
(1)	0.3812623
(2)	0.844924
(3)	-0.3596077
(4)	0.3751476
(5)	0.492089
(6)	1.370057
(7)	0.3731269
(8)	0.5128408
(9)	0.9123398
(10)	0.3764436
(11)	0.4834175
(12)	-0.05882714
(13)	0.2488642
(14)	0.6328004
(15)	0.1675073
(16)	0.04129215
(17)	-0.6151591
(18)	-0.4033108
(19)	0.8718991
(20)	0.1587687
(21)	-0.01994007
(22)	-0.1407415
(23)	0.05542044


Variable: index_temp2_huanan
(0)	0.08020546
(1)	0.3548264
(2)	0.9652626
(3)	-0.03510239
(4)	0.8960052
(5)	0.1278852
(6)	0.6325127
(7)	0.1441132
(8)	-0.4992747
(9)	0.4935043
(10)	0.8861384
(11)	0.6799538
(12)	0.0941949
(13)	-0.06857271
(14)	0.8381698
(15)	0.5064093
(16)	-0.02521624
(17)	-0.5446824
(18)	-0.5221901
(19)	1.033951
(20)	0.1461253
(21)	0.6384324
(22)	-0.1379972
(23)	-0.2106325


Variable: index_temp2_huazhong
(0)	1.165
(1)	0.7341092
(2)	1.245528
(3)	-0.04099564
(4)	1.27153
(5)	1.049944
(6)	1.86961
(7)	0.6069426
(8)	0.629423
(9)	1.218854
(10)	-0.03309684
(11)	0.7456695
(12)	-0.05548121
(13)	0.2896081
(14)	0.871449
(15)	0.2247053
(16)	-0.3407958
(17)	-0.8135808
(18)	0.08863749
(19)	1.357791
(20)	-0.2218822
(21)	-0.1001959
(22)	-0.08032618
(23)	0.2499831


Variable: index_temp2_huabei
(0)	0.8733734
(1)	0.06149586
(2)	0.4480423
(3)	-0.5365514
(4)	0.700033
(5)	0.5062623
(6)	0.8877633
(7)	0.2559615
(8)	1.708705
(9)	0.4666779
(10)	0.08735681
(11)	0.723564
(12)	0.6617919
(13)	-0.1093937
(14)	0.4466868
(15)	-0.1172053
(16)	-0.4183353
(17)	-0.411853
(18)	-0.09715532
(19)	0.2775599
(20)	-0.03911085
(21)	-0.3444985
(22)	0.3581801
(23)	0.2554205


Variable: index_temp2_xibei
(0)	0.7108061
(1)	0.3322955
(2)	0.4634015
(3)	0.02985111
(4)	0.7224209
(5)	0.358969
(6)	1.127977
(7)	0.420866
(8)	0.9665961
(9)	0.6938587
(10)	0.4790426
(11)	0.2900719
(12)	0.4494887
(13)	-0.01124344
(14)	0.4834709
(15)	-0.01218687
(16)	-0.3504294
(17)	-0.5372768
(18)	-0.09088799
(19)	1.23379
(20)	-0.0612569
(21)	-0.1787894
(22)	-0.1808114
(23)	0.04788737


Variable: index_temp2_xinan
(0)	0.3494333
(1)	0.2996914
(2)	0.8354412
(3)	0.4960789
(4)	0.5767094
(5)	0.4023267
(6)	0.5143344
(7)	0.4170061
(8)	0.08862955
(9)	0.3931675
(10)	0.3121547
(11)	0.30518
(12)	0.08272001
(13)	0.2290024
(14)	-0.01755078
(15)	0.2355504
(16)	-0.1284961
(17)	-0.07917873
(18)	-0.06171177
(19)	0.5427167
(20)	-0.1506265
(21)	0.1785989
(22)	0.1896094
(23)	-0.1566599


Variable: index_temp2_dongbei
(0)	0.9417543
(1)	-0.2350471
(2)	0.5202138
(3)	-0.6539317
(4)	0.6742162
(5)	0.6856685
(6)	0.4950645
(7)	0.522311
(8)	1.749709
(9)	0.2041064
(10)	-0.03072774
(11)	0.2824086
(12)	0.9318015
(13)	0.3025968
(14)	0.267746
(15)	-0.1151951
(16)	-0.7683976
(17)	-0.5368798
(18)	0.1204577
(19)	-0.07896808
(20)	0.1857615
(21)	-0.2489293
(22)	0.8866001
(23)	0.5909035


Variable: index_tprep_global
(0)	0.0204295
(1)	0.0359154
(2)	0.01827284
(3)	0.02329444
(4)	0.008207422
(5)	0.0006570381
(6)	0.00958459
(7)	0.01064196
(8)	0.02348577
(9)	0.001666353
(10)	0.002772519
(11)	0.005860927
(12)	0.01087916
(13)	0.004511849
(14)	0.01183892
(15)	0.01111833
(16)	0.01420387
(17)	0.006261887
(18)	0.01367191
(19)	-0.00510831
(20)	0.007061195
(21)	0.01400495
(22)	0.01500568
(23)	-0.001891522


Variable: index_tprep_china
(0)	0.02574606
(1)	-0.05094018
(2)	-0.08052624
(3)	-0.06761312
(4)	-0.1619931
(5)	-0.09421273
(6)	-0.08229885
(7)	-0.005296615
(8)	-0.2517419
(9)	0.05361241
(10)	0.03728658
(11)	-0.06826815
(12)	-0.2128759
(13)	0.05262682
(14)	-0.1488937
(15)	0.04716357
(16)	0.1379103
(17)	-0.03437251
(18)	-0.1052643
(19)	0.1389673
(20)	-0.02510825
(21)	0.007701623
(22)	-0.1152992
(23)	-0.1041286


Variable: index_tprep_huadong
(0)	0.3588292
(1)	-0.2651744
(2)	-0.04431685
(3)	-0.1722414
(4)	-0.829721
(5)	-0.4400655
(6)	-0.2321942
(7)	-0.03396852
(8)	-1.112212
(9)	0.09514864
(10)	0.0153855
(11)	0.4054749
(12)	0.1222339
(13)	-0.3356994
(14)	-0.3734388
(15)	0.5495502
(16)	0.5096804
(17)	-0.1759422
(18)	-0.5759475
(19)	0.2778419
(20)	0.2214445
(21)	0.3417082
(22)	-0.3077647
(23)	-0.2056121


Variable: index_tprep_huanan
(0)	0.1356203
(1)	-0.3875486
(2)	-0.223261
(3)	-0.2903171
(4)	-0.4465895
(5)	-0.08279154
(6)	-0.07904819
(7)	0.2318085
(8)	-0.546578
(9)	-0.3274844
(10)	0.07234214
(11)	0.04708956
(12)	0.05289066
(13)	0.2958546
(14)	-0.4701504
(15)	0.3390838
(16)	0.1477105
(17)	-0.1191403
(18)	-0.2453107
(19)	0.02318244
(20)	0.2369455
(21)	0.104518
(22)	-0.1533414
(23)	0.01889815


Variable: index_tprep_huazhong
(0)	0.1587493
(1)	-0.7371572
(2)	-0.2208344
(3)	-0.2836201
(4)	-0.4925034
(5)	-0.4262976
(6)	-0.07145544
(7)	0.1572433
(8)	-1.04164
(9)	-0.07925596
(10)	0.6380531
(11)	0.1232651
(12)	-0.3572295
(13)	-0.04533459
(14)	-0.4979559
(15)	-0.1562714
(16)	0.409146
(17)	-0.1413501
(18)	-0.4093475
(19)	0.374221
(20)	-0.2632073
(21)	0.543617
(22)	-0.5715011
(23)	-0.5654826


Variable: index_tprep_huabei
(0)	-0.007991887
(1)	0.1410783
(2)	0.02814201
(3)	-0.02200952
(4)	0.005879163
(5)	0.01449147
(6)	0.009493235
(7)	0.06127524
(8)	-0.3722393
(9)	0.1944433
(10)	0.04538671
(11)	-0.2786418
(12)	-0.2985661
(13)	0.1131413
(14)	-0.08145819
(15)	0.01677502
(16)	-0.01392989
(17)	-0.02465362
(18)	-0.02246595
(19)	0.07420224
(20)	-0.05937373
(21)	0.08584303
(22)	-0.2277312
(23)	-0.2303699


Variable: index_tprep_xibei
(0)	-0.01746127
(1)	-0.1273959
(2)	0.04455293
(3)	-0.04564565
(4)	-0.04469448
(5)	-0.01897496
(6)	-0.03159104
(7)	0.02934119
(8)	-0.1895429
(9)	-0.01190177
(10)	-0.05546087
(11)	-0.03604202
(12)	-0.1979219
(13)	0.1612288
(14)	-0.09996739
(15)	-0.0299289
(16)	0.06217737
(17)	0.0302959
(18)	-0.04286621
(19)	0.04893817
(20)	-0.0588527
(21)	0.1624636
(22)	0.08410252
(23)	-0.1477874


Variable: index_tprep_xinan
(0)	-0.1641271
(1)	-0.03064187
(2)	-0.2523861
(3)	0.02434962
(4)	-0.07948385
(5)	-0.1083083
(6)	-0.1857724
(7)	-0.1377438
(8)	0.2686625
(9)	0.1345701
(10)	-0.01582901
(11)	-0.163947
(12)	-0.1772608
(13)	0.02614589
(14)	-0.1532042
(15)	-0.03909147
(16)	0.1861872
(17)	-0.004788302
(18)	-0.02409507
(19)	0.2075389
(20)	-0.04104848
(21)	-0.483197
(22)	-0.06363022
(23)	0.06320965


Variable: index_tprep_dongbei
(0)	0.2992883
(1)	0.6922805
(2)	-0.1107322
(3)	-0.1149005
(4)	-0.04898955
(5)	0.06144793
(6)	0.01625929
(7)	-0.08538288
(8)	-0.1377541
(9)	0.05651614
(10)	0.1029858
(11)	-0.2231746
(12)	-0.628289
(13)	-0.02815493
(14)	0.2140724
(15)	0.08169185
(16)	-0.03035697
(17)	-0.1086166
(18)	0.06632284
(19)	0.1501091
(20)	-0.03156051
(21)	-0.04919802
(22)	-0.2406119
(23)	0.182903


Variable: index_srads_global
(0)	0.1056507
(1)	-0.2176892
(2)	-0.1056444
(3)	-0.3850862
(4)	-0.2278895
(5)	-0.1135569
(6)	-0.2509206
(7)	0.0842777
(8)	0.296433
(9)	0.2240124
(10)	0.2573485
(11)	0.1608409
(12)	-0.08386078
(13)	-0.08797193
(14)	0.01532512
(15)	-0.1410567
(16)	-0.2770613
(17)	-0.4533417
(18)	-0.4731885
(19)	-0.2449587
(20)	-0.02128509
(21)	-0.4252755
(22)	-0.3396577
(23)	0.1404477


Variable: index_srads_china
(0)	2.684975
(1)	-0.06090755
(2)	0.5277714
(3)	1.100524
(4)	4.348334
(5)	4.222275
(6)	4.458863
(7)	1.601153
(8)	5.291288
(9)	1.45526
(10)	-0.859353
(11)	4.093678
(12)	5.857518
(13)	0.4070742
(14)	2.536547
(15)	-1.436651
(16)	-2.382282
(17)	-0.8066869
(18)	2.228039
(19)	0.3265361
(20)	-0.3225285
(21)	-0.9667218
(22)	0.5198253
(23)	-0.2210445


Variable: index_srads_huadong
(0)	5.448693
(1)	4.647698
(2)	0.7762301
(3)	-0.01902932
(4)	10.95894
(5)	11.84659
(6)	7.188267
(7)	1.785629
(8)	15.32412
(9)	4.011663
(10)	-4.060441
(11)	6.314837
(12)	-0.4653543
(13)	7.674285
(14)	10.25393
(15)	-7.135972
(16)	-5.382858
(17)	-0.8016011
(18)	10.50867
(19)	5.821262
(20)	-1.797807
(21)	-3.231441
(22)	1.92444
(23)	-4.674082


Variable: index_srads_huanan
(0)	0.530457
(1)	2.282047
(2)	-1.074054
(3)	0.387366
(4)	11.52365
(5)	7.936428
(6)	-1.228738
(7)	-4.109836
(8)	-4.020771
(9)	7.238924
(10)	16.63419
(11)	11.50026
(12)	-7.032197
(13)	-1.179677
(14)	12.86481
(15)	-6.358979
(16)	-2.456351
(17)	2.986091
(18)	5.161467
(19)	8.357192
(20)	0.6316509
(21)	12.98922
(22)	-12.88852
(23)	-6.201623


Variable: index_srads_huazhong
(0)	6.552472
(1)	9.560131
(2)	1.912508
(3)	2.3976
(4)	11.11722
(5)	14.42742
(6)	8.131372
(7)	1.209414
(8)	12.21489
(9)	7.312638
(10)	-11.65811
(11)	14.52345
(12)	3.023363
(13)	4.081115
(14)	11.04389
(15)	-4.045064
(16)	-4.842473
(17)	-0.4720789
(18)	12.31971
(19)	5.741881
(20)	-1.375519
(21)	-3.706649
(22)	5.492942
(23)	0.9182171


Variable: index_srads_huabei
(0)	1.827762
(1)	-1.828568
(2)	-2.41577
(3)	0.2452768
(4)	1.70021
(5)	-1.272388
(6)	1.191677
(7)	-1.753191
(8)	10.50668
(9)	-1.947628
(10)	-0.6118916
(11)	5.04993
(12)	9.031855
(13)	-2.958028
(14)	2.414253
(15)	-0.4848618
(16)	-1.131515
(17)	0.3504645
(18)	3.768159
(19)	-0.3999124
(20)	1.468855
(21)	-4.224176
(22)	2.016207
(23)	1.002493


Variable: index_srads_xibei
(0)	2.922757
(1)	0.01351835
(2)	-1.738156
(3)	1.551793
(4)	3.997657
(5)	3.380655
(6)	4.872594
(7)	1.047997
(8)	6.673158
(9)	3.4194
(10)	1.817676
(11)	2.356258
(12)	7.590192
(13)	-3.002541
(14)	-0.4632477
(15)	0.2700995
(16)	-1.758204
(17)	-3.159879
(18)	0.219794
(19)	1.449299
(20)	1.281825
(21)	-7.349288
(22)	-2.365885
(23)	1.396256


Variable: index_srads_xinan
(0)	1.741362
(1)	-1.750892
(2)	5.523086
(3)	1.529221
(4)	2.152286
(5)	4.619641
(6)	6.727858
(7)	5.132628
(8)	-3.918217
(9)	-1.215873
(10)	-2.125326
(11)	1.860396
(12)	3.318661
(13)	3.367674
(14)	0.6037764
(15)	-0.766353
(16)	-2.951427
(17)	-0.1164449
(18)	-1.545021
(19)	-4.066016
(20)	-2.84533
(21)	6.246847
(22)	1.84855
(23)	-2.20847


Variable: index_srads_dongbei
(0)	1.853392
(1)	-5.02355
(2)	-0.5038913
(3)	0.435428
(4)	1.261533
(5)	-0.9107103
(6)	-0.07922692
(7)	2.76279
(8)	6.693397
(9)	-1.772363
(10)	-6.247406
(11)	1.808798
(12)	16.83265
(13)	1.244372
(14)	-0.265773
(15)	-0.8418627
(16)	-0.4103628
(17)	1.484334
(18)	0.3380949
(19)	-3.790624
(20)	-0.5162721
(21)	4.334501
(22)	6.950609
(23)	4.702105


Variable: index_rh_global
(0)	0.2970758
(1)	0.3456742
(2)	0.118333
(3)	-0.07290751
(4)	-0.1960914
(5)	-0.06969123
(6)	-0.05539891
(7)	0.06699157
(8)	-0.1872735
(9)	-0.1270899
(10)	-0.08549694
(11)	0.1190069
(12)	0.08804718
(13)	-0.1016215
(14)	0.06264313
(15)	-0.04043367
(16)	0.08209227
(17)	-0.1554148
(18)	-0.1655718
(19)	0.03424681
(20)	-0.1444111
(21)	0.09419001
(22)	0.1699433
(23)	-0.07660816


Variable: index_rh_china
(0)	-1.253107
(1)	-0.7394251
(2)	0.1364507
(3)	-0.9000152
(4)	-3.191801
(5)	-1.891243
(6)	-2.100101
(7)	0.2586653
(8)	-2.219073
(9)	-1.272263
(10)	-0.3773547
(11)	-1.433685
(12)	-2.584035
(13)	-0.2861066
(14)	-1.135694
(15)	-0.5293332
(16)	0.9136938
(17)	0.5076895
(18)	-0.4910215
(19)	-0.491295
(20)	-0.62002
(21)	0.7465124
(22)	-0.7779681
(23)	-1.631387


Variable: index_rh_huadong
(0)	-0.2810284
(1)	-1.426953
(2)	1.647687
(3)	-1.497771
(4)	-6.366729
(5)	-4.149192
(6)	-1.766623
(7)	1.454113
(8)	-5.214706
(9)	-0.2761228
(10)	1.984735
(11)	0.8742199
(12)	0.2354759
(13)	-1.02529
(14)	-2.963115
(15)	0.9736311
(16)	3.462245
(17)	-1.539131
(18)	-4.505404
(19)	-2.771365
(20)	0.4968712
(21)	2.175524
(22)	-1.05626
(23)	-0.171891


Variable: index_rh_huanan
(0)	-0.2850698
(1)	-1.811571
(2)	-0.4440342
(3)	-2.391595
(4)	-5.536628
(5)	-5.03026
(6)	-0.1810579
(7)	2.463858
(8)	0.07326869
(9)	-0.5540735
(10)	-1.122405
(11)	-0.6567644
(12)	1.413193
(13)	0.06820139
(14)	-3.775893
(15)	1.242811
(16)	2.582498
(17)	-1.861428
(18)	-3.482743
(19)	-3.748642
(20)	-1.133177
(21)	-0.6190145
(22)	1.200966
(23)	-0.395149


Variable: index_rh_huazhong
(0)	-2.688977
(1)	-4.612298
(2)	2.231689
(3)	-3.302117
(4)	-6.924681
(5)	-5.160616
(6)	-2.822998
(7)	3.166099
(8)	-8.301445
(9)	0.04984494
(10)	2.358837
(11)	-1.110004
(12)	-0.8850731
(13)	0.267635
(14)	-4.04411
(15)	-1.03074
(16)	1.768016
(17)	-1.590814
(18)	-4.274453
(19)	-3.336948
(20)	-1.347844
(21)	4.357429
(22)	-0.9727489
(23)	-1.640896


Variable: index_rh_huabei
(0)	-1.719407
(1)	0.8596842
(2)	1.0273
(3)	0.6880401
(4)	-1.817306
(5)	-0.3245135
(6)	-1.445002
(7)	1.504477
(8)	-4.455554
(9)	-1.503823
(10)	0.01936872
(11)	-3.772066
(12)	-5.076287
(13)	0.1601614
(14)	-2.138962
(15)	-1.631235
(16)	0.1023467
(17)	0.9104395
(18)	-1.529414
(19)	-1.407744
(20)	-1.422076
(21)	0.8791158
(22)	-3.081624
(23)	-3.562773


Variable: index_rh_xibei
(0)	-1.591139
(1)	-0.4780793
(2)	0.9307036
(3)	-0.6494892
(4)	-3.715442
(5)	-1.551302
(6)	-3.034237
(7)	-0.2149489
(8)	-2.525549
(9)	-3.212931
(10)	-1.907594
(11)	-1.582967
(12)	-2.823894
(13)	0.2838539
(14)	-0.02791642
(15)	-0.7834384
(16)	0.2671712
(17)	1.98558
(18)	0.6085405
(19)	-0.3416139
(20)	-0.7857704
(21)	1.186949
(22)	1.039753
(23)	-1.797113


Variable: index_rh_xinan
(0)	-0.5734118
(1)	-1.451657
(2)	-2.257413
(3)	-2.154492
(4)	-2.394449
(5)	-1.588777
(6)	-2.210138
(7)	-0.9149552
(8)	1.112683
(9)	0.4596082
(10)	-0.002100619
(11)	-0.4413983
(12)	-1.219832
(13)	-0.7182711
(14)	-0.5081457
(15)	-0.47009
(16)	1.293565
(17)	0.1037323
(18)	1.033234
(19)	1.857012
(20)	0.2308957
(21)	-0.2743461
(22)	-0.6077179
(23)	-0.4742886


Variable: index_rh_dongbei
(0)	-1.692074
(1)	1.387405
(2)	-0.2769596
(3)	2.03459
(4)	1.224288
(5)	-0.5307001
(6)	-0.4007458
(7)	-1.411531
(8)	-0.3417506
(9)	-1.10188
(10)	-0.604297
(11)	-2.53715
(12)	-7.403491
(13)	-1.788361
(14)	0.3082774
(15)	0.1164865
(16)	-0.517624
(17)	0.3910683
(18)	1.615973
(19)	0.02973362
(20)	-1.363687
(21)	-1.445978
(22)	-4.303761
(23)	-2.973897
